2414547
2414556
2414543
2414558
2414535
2414568
2414533
2414563
2414560
2414539
2364529
2364519
2390457
2390454
2364522
2364524
2364527
2364536
2364534
2364538
2348580
2348574
2348584
2364506
2364510
2348611
2348607
2348613
2349394
2349392
2348563
2348571
2348560
2348565
2348553
2348569
2348556
2348539
2348535
2348531
2338098
2338102
2338096
2348529
2338082
2348527
2338091
2338093
2338110
2338113
2293665
2293674
2338077
2293676
2293670
2293672
2293663
2338080
2293679
2293668
2230844
2230846
2230840
2230842
2230801
2230810
2230816
2293661
2230820
2230818
2187137
2230799
2230797
2187139
2193956
2193944
2193951
2193940
2193949
2193942
2187135
2187133
2160697
2160695
2160689
2160703
2160701
2160686
2160706
2160692
2150267
2150289
2150285
2150291
2150281
2150279
2150294
2160667
2150283
2160684
2150265
2150263
2150261
2150259
2150256
2141651
2150254
2141649
2141633
2141636
2141629
2131437
2141631
2131433
2131439
2140156
2140158
2131430
2140161
2131435
2128655
2124634
2128658
2115339
2131428
2124641
2128660
2124639
2095955
2095953
2095932
2095930
2095942
2095936
2095938
2095948
2070551
2070553
2095951
2070549
2015089
2015091
2015093
2070534
2070543
2070537
2070541
2070546
2070531
2070539
2015077
2015075
2015083
2015081
2015087
2015085
2015079
1998711
1998713
1998709
1998698
1998694
1998696
1998707
1998704
1998702
1998700
1993765
1993755
1993762
1993723
1993750
1993752
1993725
1993727
